Photon Energy [eV]	Sample Current [A]_000	Mesh Current [A]_000	Sample/Mesh [adim.]_000	Reference Current [A]_000	Sample Current [A]_001	Mesh Current [A]_001	Sample/Mesh [adim.]_001	Reference Current [A]_001	Sample Current [A]_002	Mesh Current [A]_002	Sample/Mesh [adim.]_002	Reference Current [A]_002	Sample Current [A]_SUM	Mesh Current [A]_SUM	Sample/Mesh [adim.]_SUM	Reference Current [A]_SUM
700.000000	3.089944E-13	3.226464E-13	0.957688	1.472523E-12	-3.524500E-13	3.136209E-13	-1.123809	7.038812E-13	-7.118422E-13	3.412584E-13	-2.085933	-3.423668E-14	-7.552978E-13	9.775257E-13	-2.252055	2.142167E-12
700.100000	-1.343762E-13	3.238250E-13	-0.414966	1.149777E-12	-2.904037E-12	3.295397E-13	-8.812405	-2.942935E-12	-4.899141E-13	3.538500E-13	-1.384525	4.853778E-13	-3.528327E-12	1.007215E-12	-10.611895	-1.307780E-12
700.200000	1.661206E-13	3.449049E-13	0.481642	2.213742E-12	-1.954934E-12	3.602317E-13	-5.426881	-1.481038E-12	-6.628980E-13	3.434251E-13	-1.930255	5.145466E-13	-2.451712E-12	1.048562E-12	-6.875494	1.247251E-12
700.300000	6.696980E-14	3.503735E-13	0.191138	1.457937E-12	-1.756451E-12	3.410702E-13	-5.149823	-1.216096E-12	1.154957E-12	3.457383E-13	3.340554	3.132629E-12	-5.345237E-13	1.037182E-12	-1.618131	3.374471E-12
700.400000	-3.322928E-14	3.325513E-13	-0.099922	9.665194E-13	-6.509128E-13	3.078287E-13	-2.114529	4.992753E-13	2.242827E-12	3.679542E-13	6.095397	5.130101E-12	1.558685E-12	1.008334E-12	3.880946	6.595896E-12
700.500000	2.047305E-12	3.277164E-13	6.247184	4.266560E-12	2.226054E-12	3.346646E-13	6.651598	4.537771E-12	2.599847E-12	3.460209E-13	7.513555	5.303017E-12	6.873206E-12	1.008402E-12	20.412337	1.410735E-11
700.600000	1.385997E-12	3.492631E-13	3.968346	3.638121E-12	1.291038E-13	3.266707E-13	0.395211	1.727600E-12	-1.880877E-12	3.537182E-13	-5.317445	-1.459475E-12	-3.657763E-13	1.029652E-12	-0.953887	3.906246E-12
700.700000	4.726199E-14	3.606815E-13	0.131035	9.966415E-13	-1.783450E-12	3.071236E-13	-5.806946	-1.379679E-12	7.209697E-13	3.121098E-13	2.309988	2.560583E-12	-1.015218E-12	9.799149E-13	-3.365924	2.177545E-12
700.800000	-3.348079E-12	3.592767E-13	-9.318943	-3.906695E-12	-1.416761E-12	3.410721E-13	-4.153845	-7.865143E-13	2.406091E-13	3.286390E-13	0.732138	1.806724E-12	-4.524231E-12	1.028988E-12	-12.740651	-2.886484E-12
700.900000	-1.668686E-12	3.329333E-13	-5.012073	-1.394183E-12	-8.669480E-15	3.282811E-13	-0.026409	1.229130E-12	-3.112973E-13	3.404068E-13	-0.914486	4.409718E-13	-1.988653E-12	1.001621E-12	-5.952968	2.759188E-13
701.000000	-3.120453E-12	3.390126E-13	-9.204533	-3.461005E-12	-3.580601E-13	3.406973E-13	-1.050962	5.761314E-13	1.006037E-12	3.449569E-13	2.916413	2.622076E-12	-2.472476E-12	1.024667E-12	-7.339082	-2.627980E-13
701.100000	-1.578346E-12	3.340212E-13	-4.725285	-2.059175E-12	-2.473742E-12	3.185191E-13	-7.766384	-2.544458E-12	5.605074E-13	3.391858E-13	1.652508	2.006600E-12	-3.491580E-12	9.917261E-13	-10.839161	-2.597034E-12
701.200000	-3.167735E-12	3.385780E-13	-9.355996	-4.076992E-12	-2.226588E-12	3.407721E-13	-6.533948	-1.973002E-12	-2.575765E-12	3.338888E-13	-7.714441	-2.866194E-12	-7.970088E-12	1.013239E-12	-23.604386	-8.916188E-12
701.300000	-1.692543E-12	3.025032E-13	-5.595127	-1.775694E-12	1.043121E-12	3.617097E-13	2.883863	3.113581E-12	-2.192565E-12	3.468073E-13	-6.322141	-1.911140E-12	-2.841987E-12	1.011020E-12	-9.033405	-5.732519E-13
701.400000	-1.728034E-12	3.347416E-13	-5.162291	-1.580578E-12	6.413506E-13	3.583623E-13	1.789671	2.411566E-12	-9.460330E-15	3.530548E-13	-0.026796	9.757538E-13	-1.096143E-12	1.046159E-12	-3.399416	1.806742E-12
701.500000	4.249476E-13	3.054026E-13	1.391434	1.621084E-12	-1.778085E-12	3.356582E-13	-5.297308	-1.189407E-12	1.631460E-12	3.188618E-13	5.116512	3.845557E-12	2.783226E-13	9.599226E-13	1.210638	4.277233E-12
701.600000	2.305537E-14	3.227572E-13	0.071433	7.924634E-13	3.813937E-12	3.497344E-13	10.905240	7.087300E-12	-6.974254E-14	3.448032E-13	-0.202268	1.134786E-12	3.767250E-12	1.017295E-12	10.774405	9.014550E-12
701.700000	9.762454E-13	3.301805E-13	2.956703	2.671869E-12	-2.173431E-12	3.124012E-13	-6.957178	-2.449992E-12	2.840523E-12	3.578583E-13	7.937562	5.211520E-12	1.643337E-12	1.000440E-12	3.937087	5.433396E-12
701.800000	-1.191410E-13	3.585029E-13	-0.332329	4.790410E-13	-3.688865E-12	3.133105E-13	-11.773831	-4.425694E-12	-1.881121E-12	3.430614E-13	-5.483335	-1.755629E-12	-5.689127E-12	1.014875E-12	-17.589496	-5.702282E-12
701.900000	1.110800E-12	3.393367E-13	3.273446	3.174944E-12	-1.626829E-12	3.403425E-13	-4.779975	-1.416432E-12	-1.215737E-12	3.342490E-13	-3.637220	-4.064865E-13	-1.731766E-12	1.013928E-12	-5.143749	1.352026E-12
702.000000	3.939151E-13	3.335868E-13	1.180847	1.642694E-12	-1.559654E-12	3.495560E-13	-4.461816	-1.144869E-12	-1.881603E-12	3.253968E-13	-5.782487	-1.759848E-12	-3.047342E-12	1.008540E-12	-9.063455	-1.262024E-12
702.100000	-5.398906E-13	3.319400E-13	-1.626470	5.551730E-13	-3.122189E-12	2.987386E-13	-10.451240	-2.925095E-12	1.636353E-12	3.377887E-13	4.844309	3.966462E-12	-2.025727E-12	9.684673E-13	-7.233401	1.596540E-12
702.200000	1.062683E-12	3.575021E-13	2.972523	2.858365E-12	1.718905E-12	3.336104E-13	5.152434	4.130525E-12	-3.047990E-12	3.475283E-13	-8.770478	-3.309702E-12	-2.664009E-13	1.038641E-12	-0.645521	3.679188E-12
702.300000	-1.234503E-12	3.007362E-13	-4.104938	-1.588310E-12	-2.592159E-13	3.362321E-13	-0.770944	7.843123E-13	1.584091E-12	3.432654E-13	4.614772	3.815070E-12	9.037201E-14	9.802336E-13	-0.261110	3.011072E-12
702.400000	-3.889166E-12	3.430101E-13	-11.338344	-4.437989E-12	-4.467818E-12	3.197450E-13	-13.973067	-5.497901E-12	-6.998226E-13	3.595828E-13	-1.946207	-1.638652E-13	-9.056807E-12	1.022338E-12	-27.257619	-1.009976E-11
702.500000	3.567914E-12	3.555933E-13	10.033691	7.054670E-12	3.268837E-12	3.305168E-13	9.890077	6.355059E-12	-1.485026E-12	3.594937E-13	-4.130882	-8.967215E-13	5.351724E-12	1.045604E-12	15.792887	1.251301E-11
702.600000	-8.818628E-13	3.500466E-13	-2.519273	-1.715145E-13	1.269532E-12	3.300301E-13	3.846716	3.325000E-12	-2.892611E-14	3.544310E-13	-0.081613	1.319865E-12	3.587433E-13	1.034508E-12	1.245831	4.473351E-12
702.700000	9.834165E-13	3.531212E-13	2.784926	2.313635E-12	-1.345988E-12	3.265418E-13	-4.121947	-1.037762E-12	-1.983424E-12	3.153008E-13	-6.290576	-1.922654E-12	-2.345995E-12	9.949639E-13	-7.627597	-6.467809E-13
702.800000	-2.051221E-12	3.349070E-13	-6.124747	-2.285759E-12	-7.724582E-13	3.323899E-13	-2.323952	1.330694E-13	-2.027073E-13	3.677587E-13	-0.551197	9.079477E-13	-3.026386E-12	1.035056E-12	-8.999896	-1.244742E-12
702.900000	6.302986E-13	3.757289E-13	1.677536	2.640950E-12	3.342139E-13	3.419060E-13	0.977503	2.260708E-12	-1.169279E-13	3.561629E-13	-0.328299	1.280082E-12	8.475846E-13	1.073798E-12	2.326739	6.181740E-12
703.000000	3.294236E-13	3.300448E-13	0.998118	2.155245E-12	1.404573E-12	3.280058E-13	4.282160	3.263192E-12	5.178289E-13	3.509112E-13	1.475670	2.080986E-12	2.251826E-12	1.008962E-12	6.755947	7.499423E-12
703.100000	2.474859E-12	3.437325E-13	7.199955	4.824336E-12	-8.683495E-13	3.448294E-13	-2.518200	6.985632E-14	7.761176E-14	3.804395E-13	0.204006	1.099407E-12	1.684121E-12	1.069001E-12	4.885760	5.993599E-12
703.200000	-2.065524E-12	3.254980E-13	-6.345735	-2.268334E-12	6.774939E-13	3.439449E-13	1.969775	2.368805E-12	-5.808174E-13	3.376333E-13	-1.720261	4.673746E-13	-1.968847E-12	1.007076E-12	-6.096221	5.678456E-13
703.300000	-2.075644E-12	3.276450E-13	-6.335040	-1.486727E-12	-3.327978E-12	3.560294E-13	-9.347481	-3.758826E-12	-2.413462E-12	3.583747E-13	-6.734464	-2.118090E-12	-7.817084E-12	1.042049E-12	-22.416985	-7.363644E-12
703.400000	-4.261854E-13	3.418756E-13	-1.246609	7.321968E-13	-2.081241E-12	3.596971E-13	-5.786093	-2.240671E-12	1.794446E-13	3.342437E-13	0.536868	1.212980E-12	-2.327981E-12	1.035816E-12	-6.495834	-2.954938E-13
703.500000	1.365956E-12	3.438900E-13	3.972071	3.624424E-12	7.761026E-13	3.527560E-13	2.200112	2.203642E-12	-1.265871E-12	3.433774E-13	-3.686529	-8.253892E-13	8.761873E-13	1.040023E-12	2.485654	5.002677E-12
703.600000	1.404928E-12	3.446648E-13	4.076216	3.372924E-12	-6.539737E-13	3.475625E-13	-1.881600	5.148443E-14	-1.568683E-12	3.495740E-13	-4.487414	-1.155582E-12	-8.177288E-13	1.041801E-12	-2.292799	2.268827E-12
703.700000	-5.093243E-13	3.427456E-13	-1.486013	-3.158177E-13	-4.880730E-13	3.293381E-13	-1.481981	5.334991E-13	-7.948543E-13	3.334969E-13	-2.383394	2.942800E-13	-1.792252E-12	1.005581E-12	-5.351388	5.119613E-13
703.800000	1.520100E-12	3.511453E-13	4.328976	3.705373E-12	-5.795423E-13	3.229567E-13	-1.794489	3.272978E-13	-3.577865E-12	3.325500E-13	-10.758878	-4.419668E-12	-2.637308E-12	1.006652E-12	-8.224391	-3.869974E-13
703.900000	-1.265897E-12	3.572650E-13	-3.543300	-1.116832E-12	1.161797E-12	3.194629E-13	3.636719	3.172486E-12	-1.949876E-12	3.477415E-13	-5.607257	-1.788995E-12	-2.053976E-12	1.024469E-12	-5.513838	2.666589E-13
704.000000	-3.417465E-12	3.715456E-13	-9.197970	-3.637606E-12	-2.024839E-13	3.361720E-13	-0.602322	9.143143E-13	-2.075866E-12	3.605786E-13	-5.757041	-1.673952E-12	-5.695814E-12	1.068296E-12	-15.557333	-4.397244E-12
704.100000	-7.883475E-13	3.357172E-13	-2.348249	-4.006101E-13	-1.055940E-12	3.428870E-13	-3.079556	-1.971932E-13	-1.449618E-12	3.396384E-13	-4.268122	-1.033907E-12	-3.293905E-12	1.018243E-12	-9.695927	-1.631710E-12
704.200000	1.887338E-12	3.538145E-13	5.334260	4.409959E-12	-6.217897E-13	3.030784E-13	-2.051580	4.252250E-13	-3.648026E-12	3.438724E-13	-10.608664	-4.029900E-12	-2.382478E-12	1.000765E-12	-7.325985	8.052843E-13
704.300000	8.009816E-13	3.847149E-13	2.082014	2.126435E-12	-1.664368E-12	3.461829E-13	-4.807771	-1.408824E-12	-1.799037E-13	3.492513E-13	-0.515112	1.243496E-12	-1.043291E-12	1.080149E-12	-3.240870	1.961107E-12
704.400000	-2.870354E-12	3.790036E-13	-7.573421	-3.936096E-12	1.165832E-12	3.034633E-13	3.841757	2.769644E-12	-9.792490E-13	3.280718E-13	-2.984862	3.127465E-14	-2.683770E-12	1.010539E-12	-6.716525	-1.135177E-12
704.500000	-2.457938E-14	3.180875E-13	-0.077272	1.778270E-12	-8.551593E-13	3.308382E-13	-2.584827	-1.277520E-13	-1.746654E-12	3.257110E-13	-5.362587	-1.696977E-12	-2.626392E-12	9.746367E-13	-8.024686	-4.645811E-14
704.600000	-2.002758E-12	3.477227E-13	-5.759642	-2.437231E-12	-2.773162E-13	3.168563E-13	-0.875211	7.448791E-13	-1.252723E-12	3.395633E-13	-3.689217	-6.873630E-13	-3.532797E-12	1.004142E-12	-10.324070	-2.379715E-12
704.700000	-2.051346E-12	3.638964E-13	-5.637169	-2.771716E-12	-1.683648E-12	3.270765E-13	-5.147566	-1.249620E-12	-7.897454E-13	3.395931E-13	-2.325564	2.174497E-13	-4.524739E-12	1.030566E-12	-13.110299	-3.803886E-12
704.800000	-2.080580E-12	3.547691E-13	-5.864603	-2.023339E-12	-1.874042E-12	3.205849E-13	-5.845696	-1.457517E-12	-1.215566E-12	3.344758E-13	-3.634243	-3.877298E-13	-5.170188E-12	1.009830E-12	-15.344542	-3.868586E-12
704.900000	-1.653927E-12	3.270065E-13	-5.057780	-1.756810E-12	1.705027E-12	3.455251E-13	4.934596	3.938939E-12	-1.669379E-12	3.623517E-13	-4.607069	-1.336473E-12	-1.618279E-12	1.034883E-12	-4.730253	8.456561E-13
705.000000	9.436340E-13	3.409008E-13	2.768061	1.942338E-12	-9.534766E-13	3.433270E-13	-2.777167	-2.329187E-13	7.003082E-13	3.456957E-13	2.025794	2.248866E-12	6.904657E-13	1.029923E-12	2.016687	3.958286E-12
705.100000	-2.221245E-12	3.356540E-13	-6.617665	-1.386665E-12	-1.391247E-12	3.289088E-13	-4.229885	-9.558122E-13	1.194023E-13	3.364954E-13	0.354841	1.169038E-12	-3.493090E-12	1.001058E-12	-10.492709	-1.173439E-12
705.200000	3.088848E-12	3.804544E-13	8.118838	6.507210E-12	-1.024211E-12	3.413047E-13	-3.000871	-1.886585E-13	-5.511529E-13	3.248227E-13	-1.696781	5.688317E-13	1.513484E-12	1.046582E-12	3.421187	6.887384E-12
705.300000	6.600634E-13	3.464633E-13	1.905147	2.476559E-12	-3.246866E-12	3.273247E-13	-9.919406	-3.347725E-12	-1.558168E-12	3.573975E-13	-4.359763	-8.132129E-13	-4.144971E-12	1.031186E-12	-12.374021	-1.684379E-12
705.400000	2.273393E-12	3.198162E-13	7.108436	5.135798E-12	-1.252975E-12	3.237135E-13	-3.870629	-7.793601E-13	-2.403459E-12	3.278727E-13	-7.330464	-2.629202E-12	-1.383041E-12	9.714024E-13	-4.092657	1.727236E-12
705.500000	-3.146421E-12	3.442949E-13	-9.138738	-3.275116E-12	9.154036E-13	3.343123E-13	2.738169	2.592433E-12	-6.077101E-13	3.105841E-13	-1.956669	3.160150E-14	-2.838727E-12	9.891913E-13	-8.357238	-6.510812E-13
705.600000	-6.378045E-13	3.228849E-13	-1.975331	-7.066406E-13	7.050596E-13	2.971225E-13	2.372959	2.689593E-12	4.031493E-15	3.121900E-13	0.012914	1.825701E-12	7.128661E-14	9.321974E-13	0.410542	3.808654E-12
705.700000	2.825180E-12	3.266890E-13	8.647921	5.189192E-12	-3.507642E-14	3.259403E-13	-0.107616	6.350261E-13	1.164444E-12	3.148518E-13	3.698388	2.410339E-12	3.954548E-12	9.674810E-13	12.238693	8.234557E-12
705.800000	-1.921435E-12	3.215813E-13	-5.974961	-1.008175E-12	-3.408024E-12	3.330908E-13	-10.231516	-4.023130E-12	1.966226E-13	3.291959E-13	0.597282	1.749943E-12	-5.132836E-12	9.838680E-13	-15.609195	-3.281362E-12
705.900000	-3.077800E-12	3.116373E-13	-9.876225	-3.568564E-12	2.742237E-13	3.325667E-13	0.824568	2.067289E-12	6.468364E-13	3.141857E-13	2.058771	2.176000E-12	-2.156739E-12	9.583896E-13	-6.992886	6.747255E-13
706.000000	-4.882796E-12	2.986771E-13	-16.348073	-6.340676E-12	4.812328E-13	3.161789E-13	1.522027	2.075083E-12	8.540161E-13	3.500892E-13	2.439424	2.386223E-12	-3.547547E-12	9.649453E-13	-12.386622	-1.879370E-12
706.100000	-3.986665E-12	3.361619E-13	-11.859361	-4.855219E-12	3.043832E-14	3.460093E-13	0.087970	1.302815E-12	1.585569E-12	3.453415E-13	4.591306	4.229942E-12	-2.370659E-12	1.027513E-12	-7.180085	6.775368E-13
706.200000	-3.124113E-12	3.227319E-13	-9.680211	-2.381752E-12	8.024466E-13	3.363053E-13	2.386066	2.280937E-12	-3.332972E-13	3.622484E-13	-0.920079	1.277975E-12	-2.654963E-12	1.021286E-12	-8.214224	1.177161E-12
706.300000	-1.647125E-12	3.305304E-13	-4.983280	-1.183695E-12	1.097292E-12	3.233902E-13	3.393088	3.214605E-12	-1.975024E-12	3.445153E-13	-5.732761	-1.750539E-12	-2.524858E-12	9.984359E-13	-7.322953	2.803708E-13
706.400000	8.117848E-13	3.347881E-13	2.424772	2.883547E-12	-6.092135E-15	3.504634E-13	-0.017383	1.444849E-12	3.317290E-12	3.616642E-13	9.172291	6.216752E-12	4.122982E-12	1.046916E-12	11.579680	1.054515E-11
706.500000	2.291492E-12	3.593462E-13	6.376837	5.639453E-12	3.495695E-13	3.156988E-13	1.107288	1.914546E-12	4.168587E-13	3.320789E-13	1.255300	2.588696E-12	3.057920E-12	1.007124E-12	8.739425	1.014269E-11
706.600000	2.938007E-12	3.712754E-13	7.913281	6.141715E-12	-1.852942E-12	3.471860E-13	-5.337029	-1.446322E-12	4.854903E-13	3.118999E-13	1.556558	2.037032E-12	1.570556E-12	1.030361E-12	4.132810	6.732424E-12
706.700000	-5.039294E-12	3.629574E-13	-13.883983	-6.832989E-12	-1.404698E-12	3.565459E-13	-3.939741	-6.472715E-13	3.640148E-13	3.257708E-13	1.117395	1.770331E-12	-6.079978E-12	1.045274E-12	-16.706328	-5.709930E-12
706.800000	-3.888641E-12	3.734271E-13	-10.413389	-4.587644E-12	4.498823E-13	3.403190E-13	1.321943	1.792509E-12	-2.212226E-12	3.065366E-13	-7.216841	-1.939745E-12	-5.650985E-12	1.020283E-12	-16.308287	-4.734881E-12
706.900000	-3.781000E-12	3.489284E-13	-10.836033	-4.263829E-12	-2.656286E-12	3.585619E-13	-7.408165	-2.801538E-12	1.842085E-12	3.421153E-13	5.384398	4.177090E-12	-4.595200E-12	1.049606E-12	-12.859800	-2.888277E-12
707.000000	-4.147959E-12	3.771567E-13	-10.997974	-5.164117E-12	-1.651329E-13	3.163444E-13	-0.522003	1.020643E-12	-2.803398E-12	3.288612E-13	-8.524565	-2.789736E-12	-7.116491E-12	1.022362E-12	-20.044543	-6.933210E-12
707.100000	-1.531540E-12	3.447843E-13	-4.442025	-8.851931E-13	-8.579209E-13	3.411603E-13	-2.514715	-1.018045E-13	-1.613289E-12	3.571256E-13	-4.517426	-1.238759E-12	-4.002750E-12	1.043070E-12	-11.474165	-2.225756E-12
707.200000	-1.320319E-12	3.345500E-13	-3.946552	-1.425767E-12	-9.865993E-13	3.173176E-13	-3.109186	-2.437584E-13	-3.221131E-12	3.456903E-13	-9.317968	-3.590441E-12	-5.528049E-12	9.975579E-13	-16.373706	-5.259966E-12
707.300000	-1.628972E-12	3.469256E-13	-4.695450	-9.652736E-13	-4.568781E-13	3.419599E-13	-1.336058	7.052122E-13	8.441652E-13	3.710802E-13	2.274886	2.469008E-12	-1.241685E-12	1.059966E-12	-3.756621	2.208946E-12
707.400000	-2.855257E-12	3.313699E-13	-8.616525	-2.943092E-12	-2.797996E-12	3.554507E-13	-7.871684	-2.644463E-12	1.583699E-12	3.501332E-13	4.523133	3.456485E-12	-4.069553E-12	1.036954E-12	-11.965075	-2.131069E-12
707.500000	-1.548320E-12	3.273616E-13	-4.729695	-1.494781E-12	-2.829380E-12	3.537358E-13	-7.998567	-3.028314E-12	-1.229432E-12	3.349781E-13	-3.670186	-2.626972E-13	-5.607132E-12	1.016076E-12	-16.398448	-4.785793E-12
707.600000	-8.573981E-13	3.388625E-13	-2.530224	-1.093179E-12	4.011284E-13	3.400628E-13	1.179572	1.682134E-12	-1.626793E-12	3.577297E-13	-4.547549	-6.743455E-13	-2.083063E-12	1.036655E-12	-5.898201	-8.539031E-14
707.700000	-1.064371E-13	3.396400E-13	-0.313382	1.281220E-12	-1.184167E-12	3.498633E-13	-3.384657	-3.950875E-13	-1.874614E-12	3.495007E-13	-5.363693	-1.566586E-12	-3.165219E-12	1.039004E-12	-9.061732	-6.804539E-13
707.800000	-4.439979E-13	3.556551E-13	-1.248395	5.929430E-13	-1.143017E-12	3.660191E-13	-3.122833	-2.738352E-13	-2.450992E-13	3.571786E-13	-0.686209	3.791841E-13	-1.832114E-12	1.078853E-12	-5.057437	6.982919E-13
707.900000	7.897651E-13	3.236852E-13	2.439918	2.596704E-12	-7.256176E-13	3.442668E-13	-2.107719	4.035008E-13	3.379946E-13	3.654145E-13	0.924962	2.363633E-12	4.021421E-13	1.033366E-12	1.257161	5.363838E-12
708.000000	-1.151570E-12	3.357338E-13	-3.430008	-2.238852E-16	8.422443E-13	3.311008E-13	2.543770	2.842318E-12	3.537153E-12	3.226512E-13	10.962777	6.552836E-12	3.227828E-12	9.894858E-13	10.076539	9.394930E-12
708.100000	1.098358E-12	3.301209E-13	3.327139	3.134264E-12	-1.490677E-12	3.451362E-13	-4.319099	-4.660860E-13	-3.000617E-12	3.536613E-13	-8.484437	-2.711071E-12	-3.392936E-12	1.028918E-12	-9.476396	-4.289249E-14
708.200000	1.040542E-12	3.329207E-13	3.125495	2.299913E-12	-2.329382E-12	3.483596E-13	-6.686718	-2.003803E-12	-2.089612E-12	3.572994E-13	-5.848350	-1.920951E-12	-3.378453E-12	1.038580E-12	-9.409573	-1.624841E-12
708.300000	4.217512E-13	3.440034E-13	1.226009	2.809643E-12	-1.335027E-12	3.104670E-13	-4.300061	-4.178974E-13	-3.235262E-12	3.383362E-13	-9.562269	-3.754730E-12	-4.148538E-12	9.928066E-13	-12.636322	-1.362984E-12
708.400000	1.023128E-12	3.388902E-13	3.019055	2.671572E-12	-2.397305E-12	3.179788E-13	-7.539196	-2.053829E-12	-4.028327E-12	3.496101E-13	-11.522341	-4.878457E-12	-5.402503E-12	1.006479E-12	-16.042482	-4.260714E-12
708.500000	-9.829223E-13	3.236852E-13	-3.036662	-3.161746E-13	-1.248899E-12	3.427232E-13	-3.644045	-5.007953E-13	3.894081E-12	3.421792E-13	11.380237	6.829343E-12	1.662260E-12	1.008588E-12	4.699530	6.012373E-12
708.600000	-8.210664E-13	3.197301E-13	-2.567999	-1.176121E-13	-1.763913E-12	3.191756E-13	-5.526467	-1.209990E-12	2.311570E-12	3.513770E-13	6.578604	4.893738E-12	-2.734098E-13	9.902826E-13	-1.515863	3.566136E-12
708.700000	-1.213381E-12	3.374538E-13	-3.595694	-8.449085E-13	8.659359E-13	3.146640E-13	2.751938	2.923739E-12	-1.946798E-12	3.601085E-13	-5.406142	-1.212830E-12	-2.294242E-12	1.012226E-12	-6.249898	8.660006E-13
708.800000	-3.031307E-12	3.227049E-13	-9.393434	-3.243221E-12	-1.549106E-12	3.385664E-13	-4.575486	-1.412149E-12	-2.499411E-12	3.720733E-13	-6.717522	-3.055100E-12	-7.079823E-12	1.033345E-12	-20.686442	-7.710469E-12
708.900000	-2.275641E-13	3.100547E-13	-0.733948	2.293344E-13	7.425117E-13	3.440246E-13	2.158310	1.976868E-12	6.085373E-13	3.563440E-13	1.707724	2.337815E-12	1.123485E-12	1.010423E-12	3.132086	4.544017E-12
709.000000	-3.326563E-12	3.398369E-13	-9.788704	-4.279723E-12	1.486414E-12	3.290582E-13	4.517176	3.548938E-12	1.511347E-12	3.537346E-13	4.272545	3.783386E-12	-3.288021E-13	1.022630E-12	-0.998983	3.052600E-12
709.100000	-2.304245E-12	3.312943E-13	-6.955281	-1.799145E-12	2.211818E-12	3.034793E-13	7.288200	4.614016E-12	-1.748367E-12	3.520246E-13	-4.966604	-1.401978E-12	-1.840794E-12	9.867983E-13	-4.633685	1.412893E-12
709.200000	-1.829493E-13	3.313196E-13	-0.552184	1.276186E-12	-3.778328E-13	3.408146E-13	-1.108617	5.263490E-13	-8.441084E-13	3.555850E-13	-2.373858	-4.277662E-13	-1.404891E-12	1.027719E-12	-4.034658	1.374769E-12
709.300000	-3.361351E-12	3.359414E-13	-10.005768	-3.638986E-12	-7.372265E-13	3.465485E-13	-2.127340	6.856481E-13	-3.357119E-13	3.735166E-13	-0.898787	6.543641E-14	-4.434290E-12	1.056006E-12	-13.031895	-2.887902E-12
709.400000	-4.660301E-12	3.322863E-13	-14.024956	-5.834161E-12	-1.549983E-12	3.695062E-13	-4.194741	-7.529583E-13	-1.193881E-12	3.444383E-13	-3.466166	-7.421640E-13	-7.404165E-12	1.046231E-12	-21.685864	-7.329283E-12
709.500000	-2.619952E-12	3.502225E-13	-7.480821	-3.112075E-12	-7.263961E-13	3.149353E-13	-2.306493	5.754765E-13	-2.160661E-12	3.490457E-13	-6.190194	-2.644929E-12	-5.507009E-12	1.014204E-12	-15.977508	-5.181527E-12
709.600000	1.940592E-12	3.397820E-13	5.711285	3.515047E-12	-4.746486E-13	3.315219E-13	-1.431726	5.438952E-13	-2.109422E-12	3.344664E-13	-6.306828	-2.560097E-12	-6.434792E-13	1.005770E-12	-2.027269	1.498846E-12
709.700000	4.238986E-14	3.403117E-13	0.124562	2.191761E-12	-2.466469E-12	3.568024E-13	-6.912703	-2.111927E-12	-1.991380E-12	3.228796E-13	-6.167564	-2.213215E-12	-4.415459E-12	1.019994E-12	-12.955705	-2.133381E-12
709.800000	-1.454351E-12	3.028927E-13	-4.801538	-1.478677E-13	-3.907383E-13	2.888894E-13	-1.352553	1.182433E-12	-1.829882E-12	3.543004E-13	-5.164774	-1.887729E-12	-3.674971E-12	9.460825E-13	-11.318866	-8.531637E-13
709.900000	1.488718E-12	3.267115E-13	4.556673	3.354702E-12	3.407337E-12	3.185948E-13	10.694893	6.617347E-12	-3.046884E-13	3.751460E-13	-0.812186	2.012312E-13	4.591366E-12	1.020452E-12	14.439380	1.017328E-11
710.000000	-3.464203E-13	3.188829E-13	-1.086356	6.894172E-13	5.505099E-13	3.318003E-13	1.659160	2.506613E-12	-7.969694E-13	3.374303E-13	-2.361879	-4.080905E-13	-5.928798E-13	9.881134E-13	-1.789074	2.787939E-12
710.100000	2.726849E-12	3.357178E-13	8.122443	5.318029E-12	-8.647220E-13	3.226042E-13	-2.680443	2.161084E-13	2.323575E-12	3.146008E-13	7.385790	5.037009E-12	4.185702E-12	9.729228E-13	12.827791	1.057115E-11
710.200000	-2.339194E-12	3.606207E-13	-6.486576	-3.220340E-12	1.610355E-13	3.374607E-13	0.477198	1.094296E-12	2.561296E-12	3.454521E-13	7.414331	4.789661E-12	3.831376E-13	1.043534E-12	1.404952	2.663617E-12
710.300000	-9.604783E-13	3.170175E-13	-3.029733	-1.174581E-13	4.646905E-13	3.315774E-13	1.401454	1.434636E-12	3.374266E-12	3.654403E-13	9.233424	6.499674E-12	2.878478E-12	1.014035E-12	7.605145	7.816852E-12
710.400000	3.530136E-13	3.245772E-13	1.087610	2.278195E-12	1.302985E-12	3.285074E-13	3.966378	3.369424E-12	-1.050675E-12	3.462198E-13	-3.034703	-2.509891E-13	6.053237E-13	9.993045E-13	2.019285	5.396630E-12
710.500000	1.611519E-12	3.346515E-13	4.815513	3.996623E-12	1.683733E-12	3.578075E-13	4.705696	3.762062E-12	-2.684650E-12	3.498681E-13	-7.673322	-2.792962E-12	6.106014E-13	1.042327E-12	1.847887	4.965723E-12
710.600000	-2.905116E-12	3.503115E-13	-8.292950	-3.530858E-12	-1.359362E-12	3.541042E-13	-3.838876	-1.093084E-12	-3.055495E-12	3.600730E-13	-8.485765	-3.854402E-12	-7.319973E-12	1.064489E-12	-20.617592	-8.478344E-12
710.700000	2.033903E-12	3.485382E-13	5.835524	4.490237E-12	-1.108385E-12	3.588554E-13	-3.088666	-7.333882E-14	-8.258451E-13	3.466950E-13	-2.382050	4.958737E-13	9.967300E-14	1.054089E-12	0.364807	4.912772E-12
710.800000	2.455723E-12	3.418706E-13	7.183196	5.071444E-12	-1.478615E-12	3.590453E-13	-4.118185	-8.722482E-13	-1.512918E-12	3.738693E-13	-4.046648	-6.964659E-13	-5.358092E-13	1.074785E-12	-0.981637	3.502730E-12
710.900000	-3.340824E-12	3.320458E-13	-10.061336	-4.034871E-12	-8.133626E-13	3.711528E-13	-2.191449	-3.305059E-14	-2.188273E-12	3.335256E-13	-6.561034	-2.111180E-12	-6.342460E-12	1.036724E-12	-18.813819	-6.179101E-12
711.000000	3.513342E-13	3.546522E-13	0.990644	1.479606E-12	7.739182E-13	3.411432E-13	2.268602	2.257224E-12	-7.954637E-13	3.589020E-13	-2.216381	-8.077700E-14	3.297888E-13	1.054697E-12	1.042866	3.656053E-12
711.100000	-9.289161E-13	3.316699E-13	-2.800725	-4.365018E-14	-1.309770E-12	3.405863E-13	-3.845634	-3.716453E-13	1.553603E-13	3.402720E-13	0.456577	1.462872E-12	-2.083326E-12	1.012528E-12	-6.189782	1.047577E-12
711.200000	-2.405853E-12	3.490078E-13	-6.893408	-2.007448E-12	-3.711320E-12	3.292750E-13	-11.271187	-4.469277E-12	-2.615664E-12	3.416552E-13	-7.655857	-2.501236E-12	-8.732838E-12	1.019938E-12	-25.820453	-8.977961E-12
711.300000	2.473536E-12	3.578559E-13	6.912101	4.448738E-12	-1.648008E-12	3.409226E-13	-4.833964	-1.407616E-12	-3.291462E-13	3.362063E-13	-0.979001	7.001000E-13	4.963827E-13	1.034985E-12	1.099136	3.741222E-12
711.400000	1.119321E-12	3.412825E-13	3.279748	2.512243E-12	-1.637252E-13	3.260496E-13	-0.502148	8.507905E-13	1.509494E-12	3.257910E-13	4.633321	3.313029E-12	2.465090E-12	9.931231E-13	7.410922	6.676062E-12
711.500000	-2.672757E-13	3.618794E-13	-0.738577	1.116893E-12	2.587174E-12	3.406853E-13	7.594027	5.124089E-12	-9.315277E-13	3.311038E-13	-2.813401	-4.713257E-13	1.388370E-12	1.033669E-12	4.042050	5.769656E-12
711.600000	-2.422832E-12	3.531960E-13	-6.859739	-2.770967E-12	-1.708081E-12	3.647396E-13	-4.683014	-1.605125E-12	-1.427845E-12	3.518271E-13	-4.058371	-2.204915E-13	-5.558758E-12	1.069763E-12	-15.601125	-4.596583E-12
711.700000	-1.715968E-12	3.367577E-13	-5.095556	-1.591047E-12	-1.547288E-12	3.513768E-13	-4.403502	-1.247177E-12	4.405870E-13	3.178719E-13	1.386052	2.049263E-12	-2.822669E-12	1.006006E-12	-8.113006	-7.889624E-13
711.800000	2.282267E-12	3.330037E-13	6.853579	5.066978E-12	-4.006313E-13	3.706919E-13	-1.080766	9.411336E-13	-1.537508E-12	3.601903E-13	-4.268599	-1.067482E-12	3.441278E-13	1.063886E-12	1.504214	4.940629E-12
711.900000	2.459707E-12	3.420485E-13	7.191106	5.312166E-12	2.386238E-12	3.645607E-13	6.545517	4.543128E-12	-2.060486E-12	3.643520E-13	-5.655208	-1.654439E-12	2.785459E-12	1.070961E-12	8.081416	8.200854E-12
712.000000	1.015780E-12	3.492174E-13	2.908731	3.138261E-12	-1.724760E-12	3.377854E-13	-5.106082	-1.008060E-12	-5.507437E-13	3.414696E-13	-1.612863	2.466298E-13	-1.259724E-12	1.028472E-12	-3.810214	2.376831E-12
712.100000	-7.846673E-13	3.498909E-13	-2.242606	5.871221E-14	-3.264034E-12	3.463927E-13	-9.422929	-4.144192E-12	1.087422E-12	2.926085E-13	3.716301	2.983728E-12	-2.961279E-12	9.888921E-13	-7.949233	-1.101751E-12
712.200000	-8.609670E-13	3.578711E-13	-2.405802	8.514755E-14	-8.151013E-13	3.183724E-13	-2.560213	-1.062455E-13	2.259527E-12	2.817020E-13	8.020982	5.424828E-12	5.834585E-13	9.579455E-13	3.054967	5.403730E-12
712.300000	-2.044388E-12	3.384899E-13	-6.039731	-1.505586E-12	3.522222E-13	3.284064E-13	1.072519	1.912303E-12	1.776410E-12	3.292791E-13	5.394846	4.094362E-12	8.424389E-14	9.961754E-13	0.427634	4.501079E-12
712.400000	-3.068592E-12	3.392573E-13	-9.045027	-3.241431E-12	9.061425E-13	2.976286E-13	3.044541	2.502907E-12	-1.557614E-12	3.344752E-13	-4.656890	-9.037132E-13	-3.720063E-12	9.713612E-13	-10.657375	-1.642237E-12
712.500000	-2.545103E-12	3.393592E-13	-7.499732	-2.350731E-12	5.793266E-13	2.807227E-13	2.063697	2.426991E-12	-3.230618E-12	3.595703E-13	-8.984661	-3.372023E-12	-5.196394E-12	9.796522E-13	-14.420696	-3.295763E-12
712.600000	-2.648494E-12	3.512198E-13	-7.540846	-2.305991E-12	-1.396878E-12	3.115027E-13	-4.484320	-1.410113E-12	-1.356760E-12	3.444182E-13	-3.939281	-4.472774E-13	-5.402132E-12	1.007141E-12	-15.964447	-4.163382E-12
712.700000	9.035839E-13	3.702774E-13	2.440289	2.349001E-12	-3.021011E-12	3.316227E-13	-9.109785	-3.245502E-12	-4.593848E-12	3.525014E-13	-13.032140	-6.281997E-12	-6.711275E-12	1.054401E-12	-19.701635	-7.178498E-12
712.800000	3.006971E-12	3.258115E-13	9.229175	5.642018E-12	-1.559828E-12	3.468481E-13	-4.497150	-1.178138E-12	-2.289629E-12	3.405066E-13	-6.724185	-2.878697E-12	-8.424859E-13	1.013166E-12	-1.992160	1.585183E-12
712.900000	-7.911470E-13	3.236692E-13	-2.444308	1.800547E-13	-9.873884E-13	3.535825E-13	-2.792526	-1.160127E-13	-1.630334E-12	3.594719E-13	-4.535358	-1.051119E-12	-3.408869E-12	1.036724E-12	-9.772192	-9.870773E-13
713.000000	4.174595E-13	3.144241E-13	1.327696	1.492158E-12	-1.334522E-12	3.497183E-13	-3.815992	-6.138702E-13	-1.182708E-12	3.578753E-13	-3.304805	-6.195667E-13	-2.099771E-12	1.022018E-12	-5.793101	2.587209E-13
713.100000	4.222248E-12	3.382689E-13	12.481928	7.159788E-12	-2.458952E-13	3.298745E-13	-0.745420	1.185429E-12	-2.569062E-12	3.240212E-13	-7.928687	-3.071425E-12	1.407291E-12	9.921646E-13	3.807820	5.273793E-12
713.200000	-6.366215E-13	3.133911E-13	-2.031396	7.292908E-13	7.035861E-13	3.200889E-13	2.198096	2.631866E-12	-2.368071E-12	3.380736E-13	-7.004600	-2.229871E-12	-2.301106E-12	9.715537E-13	-6.837901	1.131285E-12
713.300000	-1.733484E-12	3.340260E-13	-5.189669	-5.314429E-13	-4.802241E-13	3.633741E-13	-1.321569	2.211283E-13	1.482191E-13	3.512536E-13	0.421972	1.982665E-12	-2.065489E-12	1.048654E-12	-6.089267	1.672350E-12
713.400000	-3.822720E-12	3.598529E-13	-10.623006	-4.874582E-12	-2.528539E-12	3.529895E-13	-7.163213	-2.457828E-12	-8.258878E-13	3.327502E-13	-2.482005	3.299886E-13	-7.177147E-12	1.045593E-12	-20.268224	-7.002421E-12
713.500000	-1.652377E-12	3.472545E-13	-4.758402	-9.548290E-13	1.502714E-12	3.196246E-13	4.701496	3.125186E-12	-1.049244E-12	3.318282E-13	-3.162009	-2.279982E-13	-1.198907E-12	9.987073E-13	-3.218916	1.942359E-12
713.600000	-2.257607E-12	3.390488E-13	-6.658650	-2.373238E-12	-2.129431E-12	3.224186E-13	-6.604555	-2.300825E-12	-1.256535E-12	3.608742E-13	-3.481921	-1.123164E-12	-5.643574E-12	1.022342E-12	-16.745126	-5.797227E-12
713.700000	-2.985276E-12	3.339689E-13	-8.938782	-3.796956E-12	-3.096753E-12	3.352821E-13	-9.236261	-3.088104E-12	-3.338198E-12	3.244722E-13	-10.288087	-3.978347E-12	-9.420227E-12	9.937233E-13	-28.463130	-1.086341E-11
713.800000	-1.058021E-12	3.378560E-13	-3.131572	-1.034039E-12	-3.374619E-13	3.099022E-13	-1.088930	5.509648E-13	-1.196425E-14	3.397667E-13	-0.035213	9.521850E-13	-1.407447E-12	9.875249E-13	-4.255716	4.691112E-13
713.900000	-1.601853E-12	3.069036E-13	-5.219402	-9.928134E-13	1.153879E-13	3.262597E-13	0.353669	1.568112E-12	-4.131020E-13	3.460122E-13	-1.193894	2.668989E-13	-1.899567E-12	9.791756E-13	-6.059627	8.421976E-13
714.000000	-8.053794E-13	3.244083E-13	-2.482611	3.534040E-13	-1.140527E-12	3.411243E-13	-3.343436	-5.614684E-13	7.193311E-13	3.502455E-13	2.053791	2.697248E-12	-1.226576E-12	1.015778E-12	-3.772256	2.489184E-12
714.100000	-5.819224E-13	3.162925E-13	-1.839824	-3.469010E-13	4.016595E-13	3.345194E-13	1.200706	1.925727E-12	-1.682868E-12	3.665395E-13	-4.591232	-1.465625E-12	-1.863131E-12	1.017351E-12	-5.230349	1.132004E-13
714.200000	9.382030E-13	3.014753E-13	3.112039	3.175478E-12	7.780719E-13	3.335119E-13	2.332966	2.407265E-12	-5.847496E-13	3.436774E-13	-1.701449	2.802423E-13	1.131525E-12	9.786647E-13	3.743556	5.862985E-12
714.300000	-2.199241E-12	3.334474E-13	-6.595467	-1.975887E-12	2.091120E-12	3.591011E-13	5.823208	4.584734E-12	-8.192185E-13	3.417531E-13	-2.397106	-2.287025E-13	-9.273400E-13	1.034302E-12	-3.169366	2.380145E-12
714.400000	4.021227E-12	3.468498E-13	11.593569	7.744016E-12	-1.408494E-12	3.301734E-13	-4.265923	-5.316684E-13	-2.935332E-12	3.601319E-13	-8.150713	-3.255365E-12	-3.225990E-13	1.037155E-12	-0.823066	3.956983E-12
714.500000	1.174624E-12	3.470078E-13	3.385008	3.129386E-12	1.922510E-13	3.315924E-13	0.579781	1.275941E-12	-1.276988E-12	3.432389E-13	-3.720405	-1.258890E-12	8.988722E-14	1.021839E-12	0.244384	3.146437E-12
714.600000	-1.576833E-12	3.628047E-13	-4.346231	-2.181596E-12	-2.291138E-12	3.640668E-13	-6.293179	-2.539238E-12	-2.886228E-12	3.452306E-13	-8.360289	-3.420777E-12	-6.754199E-12	1.072102E-12	-18.999700	-8.141611E-12
714.700000	-3.357414E-13	3.541727E-13	-0.947960	7.355756E-13	-2.383865E-12	3.291076E-13	-7.243422	-2.493614E-12	7.692209E-13	3.369322E-13	2.283014	2.604929E-12	-1.950386E-12	1.020212E-12	-5.908367	8.468899E-13
714.800000	-1.021621E-12	3.272095E-13	-3.122223	-1.106769E-12	-2.164544E-12	3.280526E-13	-6.598161	-2.289842E-12	6.432123E-13	3.461172E-13	1.858366	2.440091E-12	-2.542953E-12	1.001379E-12	-7.862019	-9.565204E-13
714.900000	-9.290025E-13	3.540031E-13	-2.624278	-8.210152E-13	-5.853648E-13	3.366419E-13	-1.738835	4.692537E-13	-1.309454E-12	3.303209E-13	-3.964188	-1.337720E-12	-2.823821E-12	1.020966E-12	-8.327301	-1.689481E-12
715.000000	-2.217889E-12	3.251351E-13	-6.821440	-1.966490E-12	-3.396359E-12	3.404777E-13	-9.975275	-4.076059E-12	-1.078336E-12	3.445282E-13	-3.129891	1.471572E-13	-6.692583E-12	1.010141E-12	-19.926606	-5.895392E-12
715.100000	4.776587E-13	3.205495E-13	1.490125	1.975688E-12	4.930908E-13	3.530990E-13	1.396466	1.854880E-12	-9.577719E-13	3.236452E-13	-2.959326	-1.446890E-14	1.297755E-14	9.972937E-13	-0.072736	3.816099E-12
715.200000	-2.311241E-12	3.179841E-13	-7.268416	-2.137181E-12	-2.425017E-12	3.221296E-13	-7.528079	-2.579509E-12	1.004111E-12	3.385608E-13	2.965822	2.699625E-12	-3.732147E-12	9.786745E-13	-11.830674	-2.017065E-12
715.300000	-2.640629E-12	3.363362E-13	-7.851159	-2.543421E-12	-7.158101E-13	3.380151E-13	-2.117687	1.224043E-13	4.302762E-13	3.006481E-13	1.431162	1.497366E-12	-2.926163E-12	9.749994E-13	-8.537684	-9.236508E-13
715.400000	-2.195501E-12	3.192864E-13	-6.876275	-2.051496E-12	-2.967285E-13	3.323674E-13	-0.892772	5.672402E-13	-1.910802E-12	3.414282E-13	-5.596499	-2.037909E-12	-4.403032E-12	9.930820E-13	-13.365546	-3.522165E-12
715.500000	7.959328E-13	3.307322E-13	2.406578	2.063531E-12	-4.050795E-12	3.539312E-13	-11.445148	-4.776833E-12	-1.087304E-12	3.375409E-13	-3.221252	-1.062508E-14	-4.342166E-12	1.022204E-12	-12.259823	-2.723927E-12
715.600000	-6.996641E-13	3.419066E-13	-2.046361	-1.872949E-13	-4.457836E-12	3.449832E-13	-12.921896	-5.939581E-12	-1.552793E-12	3.458812E-13	-4.489382	-1.706345E-12	-6.710294E-12	1.032771E-12	-19.457639	-7.833221E-12
715.700000	-2.431174E-12	3.506611E-13	-6.933116	-1.438271E-12	9.375816E-13	3.539778E-13	2.648701	3.002153E-12	-3.447844E-12	3.494369E-13	-9.866857	-4.217278E-12	-4.941436E-12	1.054076E-12	-14.151272	-2.653395E-12
715.800000	-3.793418E-12	3.324252E-13	-11.411344	-3.813510E-12	-2.422120E-12	3.193195E-13	-7.585257	-2.349264E-12	-3.106619E-12	3.523638E-13	-8.816510	-3.217488E-12	-9.322157E-12	1.004108E-12	-27.813110	-9.380262E-12
715.900000	-2.910272E-14	3.364161E-13	-0.086508	2.215551E-12	-2.591752E-12	3.371737E-13	-7.686695	-2.238521E-12	-4.033171E-12	3.385916E-13	-11.911608	-5.215253E-12	-6.654025E-12	1.012181E-12	-19.684811	-5.238222E-12
716.000000	-3.107897E-12	3.371920E-13	-9.216995	-3.009529E-12	-3.452398E-12	3.549578E-13	-9.726220	-3.832763E-12	-3.710694E-12	3.730140E-13	-9.947869	-4.571008E-12	-1.027099E-11	1.065164E-12	-28.891084	-1.141330E-11
716.100000	1.730945E-12	3.245462E-13	5.333431	3.547760E-12	9.066693E-13	3.499011E-13	2.591216	2.791288E-12	-2.716490E-12	3.442953E-13	-7.890000	-2.444148E-12	-7.887588E-14	1.018743E-12	0.034647	3.894901E-12
716.200000	-3.467137E-12	2.978636E-13	-11.640016	-3.557149E-12	-2.042389E-13	3.523189E-13	-0.579699	6.915998E-13	-6.892975E-13	3.319697E-13	-2.076387	6.677519E-14	-4.360673E-12	9.821523E-13	-14.296102	-2.798774E-12
716.300000	-4.064986E-12	3.106743E-13	-13.084396	-4.145849E-12	-1.955810E-13	3.492315E-13	-0.560033	8.825962E-13	-2.241504E-12	3.348017E-13	-6.695018	-2.373051E-12	-6.502070E-12	9.947076E-13	-20.339447	-5.636304E-12
716.400000	-3.515496E-12	3.464541E-13	-10.147076	-3.866188E-12	-1.983611E-12	3.295013E-13	-6.020041	-2.061015E-12	-5.450529E-12	3.340275E-13	-16.317607	-7.078724E-12	-1.094964E-11	1.009983E-12	-32.484724	-1.300593E-11
716.500000	-1.620100E-12	3.361782E-13	-4.819170	-9.884882E-13	-2.226339E-12	3.412126E-13	-6.524786	-2.499986E-12	-3.681015E-13	3.447520E-13	-1.067728	8.741558E-14	-4.214541E-12	1.022143E-12	-12.411684	-3.401059E-12
716.600000	-6.341000E-14	3.343641E-13	-0.189644	1.821923E-12	3.007723E-12	3.522756E-13	8.537981	5.388402E-12	-1.304601E-12	3.490270E-13	-3.737822	-8.204255E-13	1.639712E-12	1.035667E-12	4.610516	6.389899E-12
716.700000	2.686899E-12	3.474612E-13	7.732949	5.704973E-12	-2.332888E-12	3.073983E-13	-7.589136	-2.171762E-12	4.378552E-13	3.119931E-13	1.403413	2.771827E-12	7.918670E-13	9.668525E-13	1.547226	6.305039E-12
716.800000	-2.165515E-12	2.889442E-13	-7.494581	-1.569031E-12	1.401880E-12	3.391699E-13	4.133267	3.793639E-12	-4.686876E-13	3.452579E-13	-1.357500	8.689390E-13	-1.232323E-12	9.733720E-13	-4.718815	3.093547E-12
716.900000	-9.182329E-14	3.176525E-13	-0.289068	1.122776E-12	-3.326427E-12	3.453443E-13	-9.632205	-3.792496E-12	-2.479145E-13	3.500503E-13	-0.708225	6.822730E-13	-3.666165E-12	1.013047E-12	-10.629498	-1.987446E-12
717.000000	2.290172E-12	3.560559E-13	6.432057	4.673517E-12	-2.859042E-12	3.045265E-13	-9.388484	-3.795903E-12	1.715458E-12	3.517005E-13	4.877611	3.824890E-12	1.146588E-12	1.012283E-12	1.921184	4.702504E-12
717.100000	-3.419646E-12	3.230448E-13	-10.585672	-4.527369E-12	-4.901404E-12	3.398233E-13	-14.423391	-6.683058E-12	-1.147546E-13	3.583317E-13	-0.320247	8.427048E-13	-8.435804E-12	1.021200E-12	-25.329309	-1.036772E-11
717.200000	-3.870823E-13	3.232001E-13	-1.197655	8.600194E-13	-4.232336E-12	3.320768E-13	-12.745050	-5.342771E-12	-2.845892E-12	3.435346E-13	-8.284151	-2.976524E-12	-7.465310E-12	9.988115E-13	-22.226857	-7.459276E-12
717.300000	-1.633229E-12	3.482468E-13	-4.689860	-6.635337E-13	-2.100508E-12	3.394292E-13	-6.188354	-2.371642E-12	-2.918964E-12	3.351276E-13	-8.710009	-3.227135E-12	-6.652701E-12	1.022804E-12	-19.588223	-6.262311E-12
717.400000	1.367917E-12	3.302630E-13	4.141904	4.319340E-12	3.674979E-12	3.259523E-13	11.274593	6.657459E-12	-4.058525E-12	3.289425E-13	-12.338101	-4.847592E-12	9.843711E-13	9.851577E-13	3.078396	6.129208E-12
717.500000	-8.010221E-13	3.499697E-13	-2.288832	7.380605E-14	4.147708E-12	3.271603E-13	12.677907	7.592234E-12	-1.089311E-12	3.607938E-13	-3.019206	-2.654427E-13	2.257375E-12	1.037924E-12	7.369869	7.400598E-12
717.600000	4.090295E-13	3.286730E-13	1.244487	8.210698E-13	2.360996E-13	3.029718E-13	0.779279	1.520039E-12	-3.460706E-12	3.384325E-13	-10.225691	-4.072544E-12	-2.815577E-12	9.700773E-13	-8.201924	-1.731435E-12
717.700000	-2.272021E-12	3.391831E-13	-6.698510	-1.580721E-12	-2.400480E-12	3.395726E-13	-7.069121	-2.565673E-12	-2.083662E-12	3.213400E-13	-6.484290	-1.729941E-12	-6.756163E-12	1.000096E-12	-20.251920	-5.876335E-12
717.800000	1.323266E-13	3.174365E-13	0.416860	1.456854E-12	6.764626E-17	3.291740E-13	0.000206	1.799988E-12	2.176048E-12	3.320535E-13	6.553306	4.906295E-12	2.308442E-12	9.786640E-13	6.970371	8.163136E-12
717.900000	-1.162304E-12	3.421046E-13	-3.397510	-3.734897E-13	9.909241E-13	3.451622E-13	2.870894	3.345485E-12	-1.566173E-13	3.415281E-13	-0.458578	3.833180E-13	-3.279970E-13	1.028795E-12	-0.985193	3.355313E-12
718.000000	-1.148430E-12	3.190944E-13	-3.599029	-2.512405E-13	-2.565344E-13	3.488965E-13	-0.735274	8.171364E-13	-2.818841E-12	3.475863E-13	-8.109758	-3.741804E-12	-4.223805E-12	1.015577E-12	-12.444061	-3.175909E-12
718.100000	1.082817E-12	3.142436E-13	3.445788	3.074212E-12	1.307114E-12	3.551140E-13	3.680828	3.242124E-12	3.116449E-14	3.421134E-13	0.091094	1.202067E-12	2.421095E-12	1.011471E-12	7.217711	7.518403E-12
718.200000	-9.147710E-13	3.332383E-13	-2.745095	-1.986667E-13	6.030286E-13	3.450692E-13	1.747558	2.459092E-12	-3.633361E-12	3.392521E-13	-10.709912	-3.736656E-12	-3.945103E-12	1.017560E-12	-11.707449	-1.476230E-12
718.300000	-3.181108E-12	3.391792E-13	-9.378842	-3.093176E-12	4.198357E-12	3.114364E-13	13.480624	7.989497E-12	-1.257444E-12	3.436421E-13	-3.659168	-4.925568E-13	-2.401949E-13	9.942576E-13	0.442614	4.403764E-12
718.400000	-5.370671E-13	3.445105E-13	-1.558928	1.335441E-12	-2.850634E-12	3.482018E-13	-8.186728	-3.147718E-12	-3.510391E-12	3.347260E-13	-10.487357	-3.755699E-12	-6.898091E-12	1.027438E-12	-20.233013	-5.567976E-12
718.500000	1.271606E-12	3.322368E-13	3.827408	3.614860E-12	-2.581045E-12	3.085142E-13	-8.366050	-2.810461E-12	-8.347592E-13	3.267322E-13	-2.554873	4.443541E-13	-2.144198E-12	9.674832E-13	-7.093514	1.248753E-12
718.600000	-8.330633E-13	3.386608E-13	-2.459875	-5.016940E-13	-3.100986E-12	3.184650E-13	-9.737289	-3.566953E-12	1.341152E-14	3.850886E-13	0.034827	1.565648E-12	-3.920638E-12	1.042214E-12	-12.162337	-2.502999E-12
718.700000	2.006675E-13	3.173841E-13	0.632255	1.681415E-12	4.358948E-13	3.104432E-13	1.404105	2.252477E-12	-2.590521E-12	3.322041E-13	-7.797982	-2.916614E-12	-1.953959E-12	9.600314E-13	-5.761622	1.017278E-12
718.800000	-3.844760E-12	3.318429E-13	-11.586084	-4.430783E-12	-1.441267E-12	3.124465E-13	-4.612845	-7.384923E-13	-5.347093E-12	3.494618E-13	-15.300938	-7.089454E-12	-1.063312E-11	9.937512E-13	-31.499867	-1.225873E-11
718.900000	-7.580676E-13	3.318748E-13	-2.284197	3.464158E-14	1.872001E-12	3.219638E-13	5.814320	3.860643E-12	-1.379030E-12	3.371106E-13	-4.090733	-7.667305E-13	-2.650965E-13	9.909493E-13	-0.560611	3.128554E-12
719.000000	1.338865E-12	3.271763E-13	4.092183	3.734129E-12	-1.592547E-12	3.439275E-13	-4.630474	-1.104313E-12	-2.360169E-12	3.318092E-13	-7.113029	-2.284025E-12	-2.613851E-12	1.002913E-12	-7.651320	3.457907E-13
719.100000	1.124202E-12	3.263261E-13	3.445026	2.313266E-12	8.660947E-13	3.490757E-13	2.481109	1.980733E-12	-1.279311E-12	3.616017E-13	-3.537902	-6.689661E-13	7.109855E-13	1.037003E-12	2.388233	3.625033E-12
719.200000	-1.965748E-12	3.556787E-13	-5.526752	-1.997130E-12	-1.962333E-12	3.472891E-13	-5.650431	-1.740671E-12	1.172063E-12	3.784290E-13	3.097180	2.990999E-12	-2.756019E-12	1.081397E-12	-8.080003	-7.468021E-13
719.300000	-1.229898E-12	3.420727E-13	-3.595429	-8.182003E-14	-8.744672E-13	3.621396E-13	-2.414724	3.142622E-13	-1.461976E-12	3.424540E-13	-4.269116	-3.513776E-13	-3.566341E-12	1.046666E-12	-10.279270	-1.189354E-13
719.400000	1.020180E-13	3.313357E-13	0.307899	1.148162E-12	-2.702645E-12	3.480592E-13	-7.764900	-3.121883E-12	-6.605711E-13	3.489119E-13	-1.893232	9.344241E-14	-3.261198E-12	1.028307E-12	-9.350232	-1.880278E-12
719.500000	-3.120287E-12	3.504899E-13	-8.902643	-3.140906E-12	-7.518845E-13	3.380630E-13	-2.224096	1.692130E-13	4.357277E-12	3.526755E-13	12.354917	8.014823E-12	4.851052E-13	1.041228E-12	1.228178	5.043130E-12
719.600000	-3.262578E-12	3.318489E-13	-9.831517	-3.784780E-12	-1.117113E-12	3.232567E-13	-3.455807	-1.932875E-13	-2.881860E-12	3.533503E-13	-8.155815	-2.793539E-12	-7.261550E-12	1.008456E-12	-21.443139	-6.771606E-12
719.700000	-8.749925E-13	3.523479E-13	-2.483319	9.635568E-13	-4.715072E-13	3.463847E-13	-1.361224	2.281623E-13	8.238578E-13	3.232727E-13	2.548492	2.055475E-12	-5.226418E-13	1.022005E-12	-1.296052	3.247194E-12
719.800000	-2.230916E-12	3.285600E-13	-6.789982	-1.121840E-12	5.139622E-13	3.356133E-13	1.531412	2.256326E-12	1.416597E-12	3.369598E-13	4.204052	3.515458E-12	-3.003575E-13	1.001133E-12	-1.054518	4.649945E-12
719.900000	-2.495238E-12	3.539088E-13	-7.050511	-1.280424E-12	1.568218E-12	3.528979E-13	4.443830	3.372527E-12	2.597647E-12	3.471532E-13	7.482711	5.282601E-12	1.670627E-12	1.053960E-12	4.876030	7.374704E-12
720.000000	-1.615302E-12	3.139720E-13	-5.144733	-2.545517E-13	-5.884782E-13	3.536660E-13	-1.663938	7.404892E-13	5.381932E-13	3.461959E-13	1.554591	1.879043E-12	-1.665587E-12	1.013834E-12	-5.254079	2.364981E-12
